#
# gridID 27
#
gridtype  = lonlat
gridsize  = 55296
xname     = lon
xlongname = longitude
xunits    = degrees_east
yname     = lat
ylongname = latitude
yunits    = degrees_north
xsize     = 288
ysize     = 192
xfirst    = 0
xinc      = 1.25
xbounds   = -0.625 0.625 
            0.625 1.875 
            1.875 3.125 
            3.125 4.375 
            4.375 5.625 
            5.625 6.875 
            6.875 8.125 
            8.125 9.375 
            9.375 10.625 
            10.625 11.875 
            11.875 13.125 
            13.125 14.375 
            14.375 15.625 
            15.625 16.875 
            16.875 18.125 
            18.125 19.375 
            19.375 20.625 
            20.625 21.875 
            21.875 23.125 
            23.125 24.375 
            24.375 25.625 
            25.625 26.875 
            26.875 28.125 
            28.125 29.375 
            29.375 30.625 
            30.625 31.875 
            31.875 33.125 
            33.125 34.375 
            34.375 35.625 
            35.625 36.875 
            36.875 38.125 
            38.125 39.375 
            39.375 40.625 
            40.625 41.875 
            41.875 43.125 
            43.125 44.375 
            44.375 45.625 
            45.625 46.875 
            46.875 48.125 
            48.125 49.375 
            49.375 50.625 
            50.625 51.875 
            51.875 53.125 
            53.125 54.375 
            54.375 55.625 
            55.625 56.875 
            56.875 58.125 
            58.125 59.375 
            59.375 60.625 
            60.625 61.875 
            61.875 63.125 
            63.125 64.375 
            64.375 65.625 
            65.625 66.875 
            66.875 68.125 
            68.125 69.375 
            69.375 70.625 
            70.625 71.875 
            71.875 73.125 
            73.125 74.375 
            74.375 75.625 
            75.625 76.875 
            76.875 78.125 
            78.125 79.375 
            79.375 80.625 
            80.625 81.875 
            81.875 83.125 
            83.125 84.375 
            84.375 85.625 
            85.625 86.875 
            86.875 88.125 
            88.125 89.375 
            89.375 90.625 
            90.625 91.875 
            91.875 93.125 
            93.125 94.375 
            94.375 95.625 
            95.625 96.875 
            96.875 98.125 
            98.125 99.375 
            99.375 100.625 
            100.625 101.875 
            101.875 103.125 
            103.125 104.375 
            104.375 105.625 
            105.625 106.875 
            106.875 108.125 
            108.125 109.375 
            109.375 110.625 
            110.625 111.875 
            111.875 113.125 
            113.125 114.375 
            114.375 115.625 
            115.625 116.875 
            116.875 118.125 
            118.125 119.375 
            119.375 120.625 
            120.625 121.875 
            121.875 123.125 
            123.125 124.375 
            124.375 125.625 
            125.625 126.875 
            126.875 128.125 
            128.125 129.375 
            129.375 130.625 
            130.625 131.875 
            131.875 133.125 
            133.125 134.375 
            134.375 135.625 
            135.625 136.875 
            136.875 138.125 
            138.125 139.375 
            139.375 140.625 
            140.625 141.875 
            141.875 143.125 
            143.125 144.375 
            144.375 145.625 
            145.625 146.875 
            146.875 148.125 
            148.125 149.375 
            149.375 150.625 
            150.625 151.875 
            151.875 153.125 
            153.125 154.375 
            154.375 155.625 
            155.625 156.875 
            156.875 158.125 
            158.125 159.375 
            159.375 160.625 
            160.625 161.875 
            161.875 163.125 
            163.125 164.375 
            164.375 165.625 
            165.625 166.875 
            166.875 168.125 
            168.125 169.375 
            169.375 170.625 
            170.625 171.875 
            171.875 173.125 
            173.125 174.375 
            174.375 175.625 
            175.625 176.875 
            176.875 178.125 
            178.125 179.375 
            179.375 180.625 
            180.625 181.875 
            181.875 183.125 
            183.125 184.375 
            184.375 185.625 
            185.625 186.875 
            186.875 188.125 
            188.125 189.375 
            189.375 190.625 
            190.625 191.875 
            191.875 193.125 
            193.125 194.375 
            194.375 195.625 
            195.625 196.875 
            196.875 198.125 
            198.125 199.375 
            199.375 200.625 
            200.625 201.875 
            201.875 203.125 
            203.125 204.375 
            204.375 205.625 
            205.625 206.875 
            206.875 208.125 
            208.125 209.375 
            209.375 210.625 
            210.625 211.875 
            211.875 213.125 
            213.125 214.375 
            214.375 215.625 
            215.625 216.875 
            216.875 218.125 
            218.125 219.375 
            219.375 220.625 
            220.625 221.875 
            221.875 223.125 
            223.125 224.375 
            224.375 225.625 
            225.625 226.875 
            226.875 228.125 
            228.125 229.375 
            229.375 230.625 
            230.625 231.875 
            231.875 233.125 
            233.125 234.375 
            234.375 235.625 
            235.625 236.875 
            236.875 238.125 
            238.125 239.375 
            239.375 240.625 
            240.625 241.875 
            241.875 243.125 
            243.125 244.375 
            244.375 245.625 
            245.625 246.875 
            246.875 248.125 
            248.125 249.375 
            249.375 250.625 
            250.625 251.875 
            251.875 253.125 
            253.125 254.375 
            254.375 255.625 
            255.625 256.875 
            256.875 258.125 
            258.125 259.375 
            259.375 260.625 
            260.625 261.875 
            261.875 263.125 
            263.125 264.375 
            264.375 265.625 
            265.625 266.875 
            266.875 268.125 
            268.125 269.375 
            269.375 270.625 
            270.625 271.875 
            271.875 273.125 
            273.125 274.375 
            274.375 275.625 
            275.625 276.875 
            276.875 278.125 
            278.125 279.375 
            279.375 280.625 
            280.625 281.875 
            281.875 283.125 
            283.125 284.375 
            284.375 285.625 
            285.625 286.875 
            286.875 288.125 
            288.125 289.375 
            289.375 290.625 
            290.625 291.875 
            291.875 293.125 
            293.125 294.375 
            294.375 295.625 
            295.625 296.875 
            296.875 298.125 
            298.125 299.375 
            299.375 300.625 
            300.625 301.875 
            301.875 303.125 
            303.125 304.375 
            304.375 305.625 
            305.625 306.875 
            306.875 308.125 
            308.125 309.375 
            309.375 310.625 
            310.625 311.875 
            311.875 313.125 
            313.125 314.375 
            314.375 315.625 
            315.625 316.875 
            316.875 318.125 
            318.125 319.375 
            319.375 320.625 
            320.625 321.875 
            321.875 323.125 
            323.125 324.375 
            324.375 325.625 
            325.625 326.875 
            326.875 328.125 
            328.125 329.375 
            329.375 330.625 
            330.625 331.875 
            331.875 333.125 
            333.125 334.375 
            334.375 335.625 
            335.625 336.875 
            336.875 338.125 
            338.125 339.375 
            339.375 340.625 
            340.625 341.875 
            341.875 343.125 
            343.125 344.375 
            344.375 345.625 
            345.625 346.875 
            346.875 348.125 
            348.125 349.375 
            349.375 350.625 
            350.625 351.875 
            351.875 353.125 
            353.125 354.375 
            354.375 355.625 
            355.625 356.875 
            356.875 358.125 
            358.125 359.375 
yfirst    = -90
yinc      = 0.942406
ybounds   = -90 -89.5287933 
            -89.5287933 -88.5863876 
            -88.5863876 -87.6439819 
            -87.6439819 -86.7015686 
            -86.7015686 -85.7591629 
            -85.7591629 -84.8167572 
            -84.8167572 -83.8743439 
            -83.8743439 -82.9319382 
            -82.9319382 -81.9895325 
            -81.9895325 -81.0471191 
            -81.0471191 -80.1047134 
            -80.1047134 -79.1623001 
            -79.1623001 -78.2198944 
            -78.2198944 -77.2774887 
            -77.2774887 -76.3350754 
            -76.3350754 -75.3926697 
            -75.3926697 -74.450264 
            -74.450264 -73.5078506 
            -73.5078506 -72.5654449 
            -72.5654449 -71.6230392 
            -71.6230392 -70.6806259 
            -70.6806259 -69.7382202 
            -69.7382202 -68.7958145 
            -68.7958145 -67.8534012 
            -67.8534012 -66.9109955 
            -66.9109955 -65.9685898 
            -65.9685898 -65.0261765 
            -65.0261765 -64.0837708 
            -64.0837708 -63.1413612 
            -63.1413612 -62.1989517 
            -62.1989517 -61.256546 
            -61.256546 -60.3141365 
            -60.3141365 -59.371727 
            -59.371727 -58.4293175 
            -58.4293175 -57.4869118 
            -57.4869118 -56.5445023 
            -56.5445023 -55.6020927 
            -55.6020927 -54.659687 
            -54.659687 -53.7172775 
            -53.7172775 -52.774868 
            -52.774868 -51.8324623 
            -51.8324623 -50.8900528 
            -50.8900528 -49.9476433 
            -49.9476433 -49.0052338 
            -49.0052338 -48.0628281 
            -48.0628281 -47.1204185 
            -47.1204185 -46.178009 
            -46.178009 -45.2356033 
            -45.2356033 -44.2931938 
            -44.2931938 -43.3507843 
            -43.3507843 -42.4083786 
            -42.4083786 -41.4659691 
            -41.4659691 -40.5235596 
            -40.5235596 -39.5811501 
            -39.5811501 -38.6387444 
            -38.6387444 -37.6963348 
            -37.6963348 -36.7539253 
            -36.7539253 -35.8115196 
            -35.8115196 -34.8691101 
            -34.8691101 -33.9267006 
            -33.9267006 -32.9842949 
            -32.9842949 -32.0418854 
            -32.0418854 -31.0994759 
            -31.0994759 -30.1570683 
            -30.1570683 -29.2146587 
            -29.2146587 -28.2722511 
            -28.2722511 -27.3298435 
            -27.3298435 -26.387434 
            -26.387434 -25.4450264 
            -25.4450264 -24.5026169 
            -24.5026169 -23.5602093 
            -23.5602093 -22.6178017 
            -22.6178017 -21.6753922 
            -21.6753922 -20.7329845 
            -20.7329845 -19.790575 
            -19.790575 -18.8481674 
            -18.8481674 -17.9057598 
            -17.9057598 -16.9633503 
            -16.9633503 -16.0209427 
            -16.0209427 -15.0785341 
            -15.0785341 -14.1361256 
            -14.1361256 -13.193717 
            -13.193717 -12.2513084 
            -12.2513084 -11.3089008 
            -11.3089008 -10.3664923 
            -10.3664923 -9.42408371 
            -9.42408371 -8.48167515 
            -8.48167515 -7.53926706 
            -7.53926706 -6.5968585 
            -6.5968585 -5.65445042 
            -5.65445042 -4.71204185 
            -4.71204185 -3.76963353 
            -3.76963353 -2.82722521 
            -2.82722521 -1.88481677 
            -1.88481677 -0.942408383 
            -0.942408383 -4.96961695e-16 
            -4.96961695e-16 0.942408383 
            0.942408383 1.88481677 
            1.88481677 2.82722521 
            2.82722521 3.76963353 
            3.76963353 4.71204185 
            4.71204185 5.65445042 
            5.65445042 6.5968585 
            6.5968585 7.53926706 
            7.53926706 8.48167515 
            8.48167515 9.42408371 
            9.42408371 10.3664923 
            10.3664923 11.3089008 
            11.3089008 12.2513084 
            12.2513084 13.193717 
            13.193717 14.1361256 
            14.1361256 15.0785341 
            15.0785341 16.0209427 
            16.0209427 16.9633503 
            16.9633503 17.9057598 
            17.9057598 18.8481674 
            18.8481674 19.790575 
            19.790575 20.7329845 
            20.7329845 21.6753922 
            21.6753922 22.6178017 
            22.6178017 23.5602093 
            23.5602093 24.5026169 
            24.5026169 25.4450264 
            25.4450264 26.387434 
            26.387434 27.3298435 
            27.3298435 28.2722511 
            28.2722511 29.2146587 
            29.2146587 30.1570683 
            30.1570683 31.0994759 
            31.0994759 32.0418854 
            32.0418854 32.9842949 
            32.9842949 33.9267006 
            33.9267006 34.8691101 
            34.8691101 35.8115196 
            35.8115196 36.7539253 
            36.7539253 37.6963348 
            37.6963348 38.6387444 
            38.6387444 39.5811501 
            39.5811501 40.5235596 
            40.5235596 41.4659691 
            41.4659691 42.4083786 
            42.4083786 43.3507843 
            43.3507843 44.2931938 
            44.2931938 45.2356033 
            45.2356033 46.178009 
            46.178009 47.1204185 
            47.1204185 48.0628281 
            48.0628281 49.0052338 
            49.0052338 49.9476433 
            49.9476433 50.8900528 
            50.8900528 51.8324623 
            51.8324623 52.774868 
            52.774868 53.7172775 
            53.7172775 54.659687 
            54.659687 55.6020927 
            55.6020927 56.5445023 
            56.5445023 57.4869118 
            57.4869118 58.4293175 
            58.4293175 59.371727 
            59.371727 60.3141365 
            60.3141365 61.256546 
            61.256546 62.1989517 
            62.1989517 63.1413612 
            63.1413612 64.0837708 
            64.0837708 65.0261765 
            65.0261765 65.9685898 
            65.9685898 66.9109955 
            66.9109955 67.8534012 
            67.8534012 68.7958145 
            68.7958145 69.7382202 
            69.7382202 70.6806259 
            70.6806259 71.6230392 
            71.6230392 72.5654449 
            72.5654449 73.5078506 
            73.5078506 74.450264 
            74.450264 75.3926697 
            75.3926697 76.3350754 
            76.3350754 77.2774887 
            77.2774887 78.2198944 
            78.2198944 79.1623001 
            79.1623001 80.1047134 
            80.1047134 81.0471191 
            81.0471191 81.9895325 
            81.9895325 82.9319382 
            82.9319382 83.8743439 
            83.8743439 84.8167572 
            84.8167572 85.7591629 
            85.7591629 86.7015686 
            86.7015686 87.6439819 
            87.6439819 88.5863876 
            88.5863876 89.5287933 
            89.5287933 90 
